
PowerMax_org =

   55.8000


sortedIrows_org =

    3.0000    6.2000    9.0000   55.8000
    4.0000    6.2000    9.0000   55.8000
    1.0000    6.6000    7.0000   46.2000
    2.0000    6.6000    7.0000   46.2000
    5.0000    9.0000    5.0000   45.0000
    6.0000    9.0000    5.0000   45.0000
    7.0000    9.0000    5.0000   45.0000
    8.0000    9.0000    5.0000   45.0000
    9.0000    9.0000    5.0000   45.0000


Minimum_Diff_Currents_org =

    2.8000

Original Arrangement
        1000        1000        1000        1000        1000         200         200         600         600
        1000        1000        1000        1000        1000         200         200         600         600
        1000        1000        1000        1000        1000         200         200         400         400
        1000        1000        1000        1000        1000         200         200         400         400
        1000        1000        1000        1000        1000        1000        1000        1000        1000
        1000        1000        1000        1000        1000        1000        1000        1000        1000
        1000        1000        1000        1000        1000        1000        1000        1000        1000
        1000        1000        1000        1000        1000        1000        1000        1000        1000
        1000        1000        1000        1000        1000        1000        1000        1000        1000


PowerMax_Optimal =

   66.6000


sortedIrows_Optimal =

    9.0000    7.4000    9.0000   66.6000
    1.0000    7.8000    8.0000   62.4000
    2.0000    7.8000    8.0000   62.4000
    3.0000    7.8000    8.0000   62.4000
    4.0000    7.8000    8.0000   62.4000
    6.0000    7.8000    8.0000   62.4000
    8.0000    7.8000    8.0000   62.4000
    5.0000    8.2000    2.0000   16.4000
    7.0000    8.2000    2.0000   16.4000


Minimum_Diff_Currents_Optimal =

    0.8000

Optimal Arrangement
        1000        1000        1000        1000        1000        1000        1000         400         400
        1000        1000        1000        1000        1000        1000        1000         400         400
        1000        1000        1000        1000        1000         200        1000        1000         600
        1000        1000        1000        1000        1000        1000         200         600        1000
        1000        1000        1000        1000        1000        1000         200        1000        1000
        1000        1000        1000        1000        1000         200        1000        1000         600
        1000        1000        1000        1000        1000        1000         200        1000        1000
        1000        1000        1000        1000        1000         200        1000         600        1000
        1000        1000        1000        1000        1000         200         200        1000        1000

Power Enhancement (%):
   16.2162

Matrix B:
     1    10    19    28    37    46    55    64    73
     2    11    20    29    38    47    56    65    74
     3    12    21    30    39    48    57    66    75
     4    13    22    31    40    49    58    67    76
     5    14    23    32    41    50    59    68    77
     6    15    24    33    42    51    60    69    78
     7    16    25    34    43    52    61    70    79
     8    17    26    35    44    53    62    71    80
     9    18    27    36    45    54    63    72    81

Matrix C:
     3    14    24    28    41    52    63    69    73
     2    12    19    36    42    48    56    67    81
     7    17    21    30    40    51    59    68    80
     4    11    20    35    39    47    58    65    78
     9    10    26    32    45    46    57    70    76
     1    18    22    29    43    53    55    64    79
     5    15    27    31    44    49    62    71    75
     6    13    23    33    37    50    60    72    77
     8    16    25    34    38    54    61    66    74


PowerMax_org =

   55.8000


sortedIrows_org =

    3.0000    6.2000    9.0000   55.8000
    4.0000    6.2000    9.0000   55.8000
    1.0000    6.6000    7.0000   46.2000
    2.0000    6.6000    7.0000   46.2000
    5.0000    9.0000    5.0000   45.0000
    6.0000    9.0000    5.0000   45.0000
    7.0000    9.0000    5.0000   45.0000
    8.0000    9.0000    5.0000   45.0000
    9.0000    9.0000    5.0000   45.0000


Minimum_Diff_Currents_org =

    2.8000

Original Arrangement
        1000        1000        1000        1000        1000         200         200         600         600
        1000        1000        1000        1000        1000         200         200         600         600
        1000        1000        1000        1000        1000         200         200         400         400
        1000        1000        1000        1000        1000         200         200         400         400
        1000        1000        1000        1000        1000        1000        1000        1000        1000
        1000        1000        1000        1000        1000        1000        1000        1000        1000
        1000        1000        1000        1000        1000        1000        1000        1000        1000
        1000        1000        1000        1000        1000        1000        1000        1000        1000
        1000        1000        1000        1000        1000        1000        1000        1000        1000


PowerMax_Optimal =

   66.6000


sortedIrows_Optimal =

    6.0000    7.4000    9.0000   66.6000
    1.0000    7.8000    8.0000   62.4000
    3.0000    7.8000    8.0000   62.4000
    4.0000    7.8000    8.0000   62.4000
    5.0000    7.8000    8.0000   62.4000
    7.0000    7.8000    8.0000   62.4000
    9.0000    7.8000    8.0000   62.4000
    2.0000    8.2000    2.0000   16.4000
    8.0000    8.2000    2.0000   16.4000


Minimum_Diff_Currents_Optimal =

    0.8000

Optimal Arrangement
        1000        1000        1000        1000        1000        1000         200        1000         600
        1000        1000        1000        1000        1000         200        1000        1000        1000
        1000        1000        1000        1000        1000        1000        1000         400         400
        1000        1000        1000        1000        1000        1000         200        1000         600
        1000        1000        1000        1000        1000         200        1000         600        1000
        1000        1000        1000        1000        1000         200         200        1000        1000
        1000        1000        1000        1000        1000        1000        1000         400         400
        1000        1000        1000        1000        1000         200        1000        1000        1000
        1000        1000        1000        1000        1000        1000         200         600        1000

Power Enhancement (%):
   16.2162

Matrix B:
     1    10    19    28    37    46    55    64    73
     2    11    20    29    38    47    56    65    74
     3    12    21    30    39    48    57    66    75
     4    13    22    31    40    49    58    67    76
     5    14    23    32    41    50    59    68    77
     6    15    24    33    42    51    60    69    78
     7    16    25    34    43    52    61    70    79
     8    17    26    35    44    53    62    71    80
     9    18    27    36    45    54    63    72    81

Matrix C:
     9    13    19    36    42    49    56    68    77
     6    12    23    35    38    54    59    72    79
     1    14    25    34    37    51    58    66    76
     5    16    22    32    41    46    60    64    78
     2    17    26    29    43    47    62    70    73
     4    18    24    30    40    53    63    67    80
     3    15    21    28    45    48    57    69    74
     8    11    20    33    44    50    61    71    75
     7    10    27    31    39    52    55    65    81


